x	y	Avg_Tot_auto	Count	Avg_total_viag	viag_auto_viag_total
327013.4079	7379573.586	0	0	0	0
327189.8817	7379511.328	0	0	0	0
326901.4672	7379927.496	0	0	0	0
327277.8438	7379868.054	0	0	0	0
327656.1453	7379990.359	0	0	0	0
326431.9364	7380471.25	0	0	0	0
326787.8589	7380365.8	0	0	0	0
327284.0048	7380362	8	1	8	1
327778.7238	7380367.456	1	10	5.6	0.178571429
328234.7251	7380485.556	4	1	4	1
328614.9799	7380572.27	6	1	7	0.857142857
326008.9346	7381062.537	0	0	0	0
326315.0501	7380884.684	0	0	0	0
326784.0048	7380862	0	0	0	0
327284.0048	7380862	5	10	7.6	0.657894737
327784.0048	7380862	2.5	12	7.833333	0.31914895
328284.0048	7380862	4.666667	9	5.555556	0.839999993
328714.792	7380886.074	4.526316	19	5.052632	0.8958333
330015.2224	7381099.093	0	0	0	0
330339.7464	7381001.202	4	2	6	0.666666667
330669.6706	7380950.663	0	1	8	0
325913.475	7381414.744	0	0	0	0
326284.0048	7381362	0	0	0	0
326784.0048	7381362	0	1	4	0
327284.0048	7381362	6.3	10	8.6	0.73255814
327784.0048	7381362	2	4	4.25	0.470588235
328284.0048	7381362	4.571429	7	5.428571	0.842105409
328723.5178	7381360.938	4.75	4	5.25	0.904761905
329447.8809	7381532.577	2	1	4	0.5
329826.2796	7381419.897	4	2	4	1
330284.0048	7381362	3.5	6	3.833333	0.913043558
330770.3888	7381373.829	7	3	7	1
331070.2655	7381533.88	0	0	0	0
325482.2722	7382040.792	0	0	0	0
325802.5945	7381876.295	0	1	4	0
326284.0048	7381862	0	0	0	0
326784.0048	7381862	1.333333	3	2.666667	0.499999813
327284.0048	7381862	2.705882	17	5.705882	0.474226772
327784.0048	7381862	3.789474	19	6.052632	0.626086965
328284.0048	7381862	4.916667	12	5.916667	0.830985925
328767.3628	7381876.435	4.666667	3	5	0.9333334
329295.1534	7381875.368	6.8	5	7.2	0.944444444
329784.0048	7381862	6.6	5	7.2	0.916666667
330284.0048	7381862	3.8	5	5	0.76
330780.9679	7381836.655	4	2	9	0.444444444
331089.3726	7381861.253	0	0	0	0
324941.4791	7382550.421	0	0	0	0
325325.2654	7382407.026	0	0	0	0
325784.0048	7382362	7	8	9.875	0.708860759
326284.0048	7382362	4.25	8	7.125	0.596491228
326784.0048	7382362	3.833333	6	6.166667	0.621621534
327284.0048	7382362	3.473684	19	5.473684	0.634615371
327784.0048	7382362	4.5	10	6.3	0.714285714
328284.0048	7382362	4	1	4	1
328784.0048	7382362	0	0	0	0
329284.0048	7382362	9.083333	12	9.75	0.931623897
329784.0048	7382362	9	4	9.25	0.972972973
330246.5334	7382348.966	4	1	4	1
330550.9091	7382136.184	0	0	0	0
331515.3533	7382520.172	0	0	0	0
331555.3206	7382519.314	0	0	0	0
324461.1347	7383019.405	0	0	0	0
324802.0296	7382880.041	1.777778	9	3.777778	0.470588266
325284.0048	7382862	4.9	10	6.6	0.742424242
325784.0048	7382862	3.272727	11	6.818182	0.479999947
326284.0048	7382862	3.642857	14	5.857143	0.62195118
326784.0048	7382862	5.066667	15	8	0.633333375
327284.0048	7382862	3.166667	6	5	0.6333334
327784.0048	7382862	5.25	8	7.25	0.724137931
328284.0048	7382862	4.75	8	11.375	0.417582418
328784.0048	7382862	3.666667	3	3.666667	1
329284.0048	7382862	2.8	5	3.6	0.777777778
329784.0048	7382862	2	2	2	1
330281.9184	7382864.249	0	5	8.4	0
330771.1148	7382910.384	0.666667	9	3.666667	0.181818256
331289.0148	7382893.18	0	2	6	0
331688.1801	7382918.36	0	3	5.666667	0
332393.2418	7382986.732	0	0	0	0
332597.5794	7383007.454	0	0	0	0
333441.5281	7383095.537	0	0	0	0
324011.0283	7383564.932	0	0	0	0
324322.9857	7383394.341	0	0	0	0
324784.0048	7383362	3.222222	9	4.111111	0.783783751
325284.0048	7383362	2.714286	7	5.428571	0.500000092
325784.0048	7383362	1.285714	7	5.428571	0.236842071
326284.0048	7383362	3	9	7	0.428571429
326784.0048	7383362	1.875	8	5.5	0.340909091
327284.0048	7383362	3.2	10	4.9	0.653061224
327784.0048	7383362	0	0	0	0
328284.0048	7383362	0	0	0	0
328784.0048	7383362	1.555556	9	4.666667	0.333333405
329284.0048	7383362	3.5	2	4	0.875
329784.0048	7383362	3.571429	7	8.428571	0.423728886
330284.0048	7383362	0.818182	11	6.727273	0.121621644
330784.0048	7383362	0.833333	6	5.5	0.151515091
331284.0048	7383362	0	5	6.6	0
331771.9369	7383374.42	0	5	3.6	0
332288.9181	7383367.673	0	2	3.5	0
332740.3739	7383427.961	4	1	4	1
333310.4166	7383427.846	6.25	4	8.25	0.757575758
333626.1524	7383446.237	0	0	0	0
323951.2637	7383913.218	0	0	0	0
324284.0048	7383862	1.428571	7	4.428571	0.32258058
324784.0048	7383862	2.818182	11	4.181818	0.673913116
325284.0048	7383862	5.125	8	5.875	0.872340426
325784.0048	7383862	6.777778	9	9.555556	0.709302316
326284.0048	7383862	3.923077	13	7.769231	0.50495049
326784.0048	7383862	3.636364	22	7.272727	0.500000069
327284.0048	7383862	1.25	8	4.125	0.303030303
327784.0048	7383862	5.5	2	8.5	0.647058824
328284.0048	7383862	0	1	2	0
328784.0048	7383862	1.909091	11	5.545455	0.344262283
329284.0048	7383862	6.142857	7	8.428571	0.728813579
329784.0048	7383862	0.4	10	5.4	0.074074074
330284.0048	7383862	2.2	10	7.2	0.305555556
330784.0048	7383862	0	4	5.5	0
331284.0048	7383862	1.2	15	7.2	0.166666667
331784.0048	7383862	0.7	10	4.5	0.155555556
332284.0048	7383862	0	10	5.4	0
332784.0048	7383862	4	2	5	0.8
333284.0048	7383862	7	2	8.5	0.823529412
333775.75	7383879.849	0	0	0	0
334169.6581	7383864.096	0	0	0	0
321953.3993	7384521.348	0	0	0	0
322294.3551	7384488.352	0.571429	14	6.071429	0.094117711
322799.5275	7384436.664	0	0	0	0
323292.5593	7384384.3	0.807692	26	5.884615	0.137254859
323784.0407	7384362.037	0.8	5	5.2	0.153846154
324284.0048	7384362	1.333333	3	8	0.166666625
324784.0048	7384362	1.4	5	7.2	0.194444444
325284.0048	7384362	0.285714	7	5.428571	0.05263153
325784.0048	7384362	0	2	3	0
326284.0048	7384362	1.428571	7	5.285714	0.270270204
326784.0048	7384362	1.526316	19	6.894737	0.221374071
327284.0048	7384362	1.5	2	2.5	0.6
327784.0048	7384362	1.125	8	4.5	0.25
328284.0048	7384362	2	1	2	1
328784.0048	7384362	2	12	7.5	0.266666667
329284.0048	7384362	2.833333	24	8.875	0.319248789
329784.0048	7384362	0.777778	9	6.222222	0.12500004
330284.0048	7384362	0.2	5	8.6	0.023255814
330784.0048	7384362	0	3	9.333333	0
331284.0048	7384362	0.545455	11	6.090909	0.089552315
331784.0048	7384362	1.444444	9	6.777778	0.213114682
332284.0048	7384362	1.5	8	8.375	0.179104478
332784.0048	7384362	4	4	7.75	0.516129032
333284.0048	7384362	6.142857	7	7	0.877551
333783.4345	7384361.479	10	1	16	0.625
334079.0244	7384265.045	0	0	0	0
322339.7639	7384827.848	0.666667	6	4.5	0.148148222
322784.0048	7384862	0.875	8	5.375	0.162790698
323284.0048	7384862	1	3	4	0.25
323784.0048	7384862	0	0	0	0
324284.0048	7384862	0	0	0	0
324784.0048	7384862	0	1	10	0
325284.0048	7384862	1.166667	6	6.333333	0.184210589
325784.0048	7384862	1	4	4.5	0.222222222
326284.0048	7384862	1	1	2	0.5
326784.0048	7384862	0.8	5	4.6	0.173913043
327284.0048	7384862	1.857143	14	5.142857	0.361111149
327784.0048	7384862	2.4	5	10	0.24
328284.0048	7384862	0.333333	3	3.333333	0.09999991
328784.0048	7384862	1	1	3	0.333333333
329284.0048	7384862	3.454545	11	6.090909	0.567164113
329784.0048	7384862	0.928571	14	6.285714	0.147727211
330284.0048	7384862	0.285714	7	3.142857	0.090909004
330784.0048	7384862	0	10	7	0
331284.0048	7384862	0	7	9.428571	0
331784.0048	7384862	1.5	2	6	0.25
332284.0048	7384862	0.333333	6	6	0.0555555
332784.0048	7384862	5.25	8	8.5	0.617647059
333284.0048	7384862	4.933333	15	7.666667	0.643478189
333781.7645	7384863.59	2	1	2	1
334202.0372	7385020.66	0	0	0	0
334949.3037	7385069.757	2	1	6	0.333333333
335372.9156	7384989.577	3.333333	3	5.333333	0.624999977
335599.8967	7384944.647	0	0	0	0
322419.2232	7385397.173	0	0	0	0
322784.0048	7385362	0.666667	9	5.333333	0.12500007
323284.0048	7385362	0.75	8	5.25	0.142857143
323784.0048	7385362	3	5	10.6	0.283018868
324284.0048	7385362	0	0	0	0
324784.0048	7385362	0	0	0	0
325284.0048	7385362	0	4	6	0
325784.0048	7385362	1.333333	3	4.666667	0.285714194
326284.0048	7385362	1.375	8	6.75	0.203703704
326784.0048	7385362	2.5	6	6.5	0.384615385
327284.0048	7385362	1	18	6.944444	0.144000009
327784.0048	7385362	1.5	16	4	0.375
328284.0048	7385362	4.285714	14	8.642857	0.495867744
328784.0048	7385362	1.6	10	5.5	0.290909091
329284.0048	7385362	2.916667	12	6.416667	0.454545483
329784.0048	7385362	1.25	16	6.0625	0.206185567
330284.0048	7385362	0.142857	14	5	0.0285714
330784.0048	7385362	1.666667	6	10.5	0.15873019
331284.0048	7385362	0	1	11	0
331784.0048	7385362	3.333333	3	6.666667	0.499999925
332284.0048	7385362	6	2	9	0.666666667
332784.0048	7385362	4.416667	12	6.666667	0.662500017
333284.0048	7385362	4.5	6	8.333333	0.540000022
333784.0048	7385362	3	2	5	0.6
334284.0048	7385362	2.4	5	3.2	0.75
334785.999	7385369.713	4	1	10	0.4
335284.0048	7385362	6	4	7	0.857142857
335686.2868	7385390.679	3.333333	3	3.666667	0.909090736
322008.8926	7386061.108	0	0	0	0
322309.446	7385880.084	0	1	4	0
322784.0048	7385862	1.166667	6	4.166667	0.280000058
323284.0048	7385862	2.470588	17	6.941176	0.355932194
323784.0048	7385862	0.818182	11	4.181818	0.195652226
324284.0048	7385862	5.5	2	7	0.785714286
324784.0048	7385862	0	0	0	0
325284.0048	7385862	0	0	0	0
325784.0048	7385862	3.5	4	4	0.875
326284.0048	7385862	3.857143	7	9	0.428571444
326784.0048	7385862	2.75	8	6.625	0.41509434
327284.0048	7385862	1.222222	9	7.888889	0.154929547
327784.0048	7385862	0.909091	11	4.545455	0.2
328284.0048	7385862	2.833333	6	4.666667	0.607142742
328784.0048	7385862	2.4	10	7.1	0.338028169
329284.0048	7385862	1.818182	11	8.363636	0.217391336
329784.0048	7385862	1.384615	13	6.153846	0.224999943
330284.0048	7385862	2.571429	7	11.285714	0.227848145
330784.0048	7385862	0	0	0	0
331284.0048	7385862	0	0	0	0
331784.0048	7385862	5.6	5	7.2	0.777777778
332284.0048	7385862	7.333333	6	8.833333	0.830188673
332784.0048	7385862	8	5	9.8	0.816326531
333284.0048	7385862	4.5	6	9.166667	0.490909073
333784.0048	7385862	4.333333	3	5.333333	0.812499988
334284.0048	7385862	5.111111	9	6.666667	0.766666612
334784.0048	7385862	5.8	5	6.8	0.852941176
335284.0048	7385862	2	6	2.666667	0.749999906
335667.1198	7385836.647	4.857143	7	6.428571	0.755555628
321921.9825	7386413.354	2	4	7.25	0.275862069
322284.0048	7386362	3	2	9	0.333333333
322784.0048	7386362	0.666667	6	7.833333	0.085106429
323284.0048	7386362	2.214286	14	6.928571	0.31958769
323784.0048	7386362	3.2	5	6	0.533333333
324284.0048	7386362	1.333333	3	2.333333	0.57142851
324784.0048	7386362	0	0	0	0
325284.0048	7386362	0	0	0	0
325784.0048	7386362	0	0	0	0
326284.0048	7386362	1	2	4	0.25
326784.0048	7386362	0	2	4	0
327284.0048	7386362	1	5	5.6	0.178571429
327784.0048	7386362	3.272727	22	6.954545	0.470588227
328284.0048	7386362	3.473684	19	7.736842	0.448979571
328784.0048	7386362	2.727273	22	5.454545	0.500000092
329284.0048	7386362	2.055556	18	8.888889	0.231250047
329784.0048	7386362	1.4375	16	7.8125	0.184
330284.0048	7386362	0.944444	18	9	0.104938222
330784.0048	7386362	0	0	0	0
331284.0048	7386362	5	3	6	0.833333333
331784.0048	7386362	3	11	5.818182	0.515624984
332284.0048	7386362	2	1	4	0.5
332784.0048	7386362	4.833333	6	6	0.8055555
333284.0048	7386362	3.666667	12	6.833333	0.536585441
333784.0048	7386362	2.285714	7	6.714286	0.340425475
334284.0048	7386362	2.538462	13	6	0.423077
334784.0048	7386362	0.666667	12	4.5	0.148148222
335284.0048	7386362	2.368421	19	6.684211	0.354330676
335599.6718	7386294.862	0	0	0	0
321522.0012	7387055.029	0	0	0	0
321816.8826	7386880.105	0.5	20	6.45	0.07751938
322284.0048	7386862	0.666667	6	5.5	0.121212182
322784.0048	7386862	0.625	8	6.25	0.1
323284.0048	7386862	0.5	4	5	0.1
323784.0048	7386862	0.4	5	7.8	0.051282051
324284.0048	7386862	0	6	5.333333	0
324784.0048	7386862	0	1	6	0
325284.0048	7386862	0	0	0	0
325784.0048	7386862	0	0	0	0
326284.0048	7386862	0	2	7	0
326784.0048	7386862	0	1	2	0
327284.0048	7386862	2.8	15	7.333333	0.381818199
327784.0048	7386862	1.5625	16	5.375	0.290697674
328284.0048	7386862	2.625	8	6.625	0.396226415
328784.0048	7386862	0.2	10	3.3	0.060606061
329284.0048	7386862	0.461538	26	7.307692	0.063157834
329784.0048	7386862	0.76	25	6.56	0.115853659
330284.0048	7386862	0.347826	23	4.956522	0.070175417
330784.0048	7386862	3	1	10	0.3
331284.0048	7386862	4.2	10	6.1	0.68852459
331784.0048	7386862	4.6	15	5.666667	0.811764658
332284.0048	7386862	4	5	5.4	0.740740741
332784.0048	7386862	2	15	5.8	0.344827586
333284.0048	7386862	3	13	5.461538	0.549295821
333784.0048	7386862	5.6	5	9.2	0.608695652
334284.0048	7386862	1.285714	7	5.285714	0.243243202
334784.0048	7386862	1.909091	11	6.545455	0.29166666
335284.0048	7386862	0.666667	15	5.6	0.119047679
335601.3338	7386928.323	0	1	5	0
321895.2099	7387201.744	0	3	2	0
322336.8614	7387284.846	1	8	4.5	0.222222222
322784.0104	7387361.989	3.5	4	6.5	0.538461538
323284.0048	7387362	1.111111	9	7.333333	0.151515143
323784.0048	7387362	0.416667	12	6.333333	0.06578953
324284.0048	7387362	0.909091	11	5.818182	0.156250011
324784.0048	7387362	1.166667	6	7.666667	0.15217395
325284.0048	7387362	1	7	4.857143	0.205882347
325784.0048	7387362	1	16	6.9375	0.144144144
326284.0048	7387362	1.714286	7	5.142857	0.333333398
326784.0048	7387362	0	0	0	0
327284.0048	7387362	3.285714	7	7.285714	0.450980371
327784.0048	7387362	2.583333	12	6.333333	0.407894706
328284.0048	7387362	2.708333	24	4.875	0.555555487
328784.0048	7387362	0.9	20	4.75	0.189473684
329284.0048	7387362	0.25	16	5.0625	0.049382716
329784.0048	7387362	0.666667	12	7.666667	0.086956561
330284.0048	7387362	2.833333	12	6	0.472222167
330784.0048	7387362	3.363636	11	5.454545	0.616666651
331284.0048	7387362	2.833333	6	3.5	0.809523714
331784.0048	7387362	7	3	9	0.777777778
332284.0048	7387362	4.7	10	7.8	0.602564103
332784.0048	7387362	3.3	10	6	0.55
333284.0048	7387362	4.071429	14	7.714286	0.527777814
333784.0048	7387362	4.666667	6	7	0.666666714
334284.0048	7387362	2.923077	13	5.615385	0.520547923
334784.0048	7387362	3.666667	6	6.333333	0.578947452
335284.0048	7387362	2.555556	9	7.555556	0.338235333
335696.9431	7387390.104	3.125	8	8.125	0.384615385
322498.7539	7387620.757	0	0	0	0
322882.3911	7387896.638	3.555556	9	8.333333	0.426666737
323284.0048	7387862	8.8	5	10	0.88
323784.0048	7387862	3.473684	19	6.894737	0.503816752
324284.0048	7387862	0.25	40	5.2	0.048076923
324784.0048	7387862	0.375	8	3.75	0.1
325284.0048	7387862	2	5	8.4	0.238095238
325784.0048	7387862	0.681818	44	5.068182	0.134529107
326284.0048	7387862	1.478261	46	5.934783	0.249084255
326784.0048	7387862	0	0	0	0
327284.0048	7387862	2.666667	6	4.166667	0.640000029
327784.0048	7387862	1.111111	9	4.222222	0.263157882
328284.0048	7387862	3.190476	21	5.380952	0.592920361
328784.0048	7387862	1.307692	13	5.076923	0.257575701
329284.0048	7387862	3.416667	12	7.083333	0.482353011
329784.0048	7387862	2.25	8	4.25	0.529411765
330284.0048	7387862	3.210526	19	5.631579	0.570093397
330784.0048	7387862	2.8	5	7.4	0.378378378
331284.0048	7387862	2	2	3	0.666666667
331784.0048	7387862	3.4	5	4.4	0.772727273
332284.0048	7387862	5	10	7	0.714285714
332784.0048	7387862	8.166667	6	10.166667	0.803278695
333284.0048	7387862	3.117647	17	6	0.519607833
333784.0048	7387862	1.538462	13	4.692308	0.327868929
334284.0048	7387862	2.083333	12	6.833333	0.304878015
334784.0048	7387862	1.882353	17	5.941176	0.316831718
335284.0048	7387862	2.428571	14	7.642857	0.317756959
335776.0901	7387868.19	1.083333	12	3.333333	0.324999932
336060.7735	7388030.655	0	1	2	0
322884.7012	7388381.379	2.85	20	7	0.407142857
323284.0048	7388362	2.833333	24	6.375	0.444444392
323784.0048	7388362	3.12	25	5.92	0.527027027
324284.0048	7388362	1.521739	23	6.043478	0.25179855
324784.0048	7388362	0.2	10	3.8	0.052631579
325284.0048	7388362	0.5	8	3.25	0.153846154
325784.0048	7388362	0.75	16	5.5625	0.134831461
326284.0048	7388362	1.047619	21	6.333333	0.165413535
326784.0048	7388362	3	2	5	0.6
327284.0048	7388362	3.5625	16	5	0.7125
327784.0048	7388362	1.636364	11	3.545455	0.461538505
328284.0048	7388362	5	3	6.333333	0.789473726
328784.0048	7388362	3.466667	15	4.733333	0.732394488
329284.0048	7388362	3.363636	33	5.575758	0.603260758
329784.0048	7388362	3.333333	9	8.444444	0.394736823
330284.0048	7388362	4.5	2	7.5	0.6
330784.0048	7388362	3	7	7	0.428571429
331284.0048	7388362	6.25	4	7.75	0.806451613
331784.0048	7388362	3.375	8	6.625	0.509433962
332284.0048	7388362	2.5	24	5.375	0.465116279
332784.0048	7388362	5.727273	11	7.818182	0.732558157
333284.0048	7388362	3.454545	11	4.909091	0.703703598
333784.0048	7388362	3.461538	13	5.692308	0.608107994
334284.0048	7388362	1.458333	24	5.916667	0.246478803
334784.0048	7388362	1.176471	17	6.235294	0.188679315
335284.0048	7388362	2.5	10	8.2	0.304878049
335784.0048	7388362	3.214286	14	8.142857	0.394736884
336140.3764	7388421.821	2	3	7.666667	0.260869554
322445.7724	7388964.105	2	1	2	1
322788.7105	7388866.898	1.777778	9	7.111111	0.250000035
323284.0048	7388862	1.47619	21	6.190476	0.238461469
323784.0048	7388862	2.647059	17	7.470588	0.354330743
324284.0048	7388862	0.1875	16	4.4375	0.042253521
324784.0048	7388862	0.8	10	5.4	0.148148148
325284.0048	7388862	2.333333	3	7.333333	0.318181787
325784.0048	7388862	2	1	2	1
326284.0048	7388862	1.222222	9	7.111111	0.171874971
326784.0048	7388862	0	8	6.375	0
327284.0048	7388862	1.571429	7	3.285714	0.478261042
327784.0048	7388862	1.545455	11	3.818182	0.404762005
328284.0048	7388862	5.3	10	6.5	0.815384615
328784.0048	7388862	4.842105	19	7.052632	0.686567086
329284.0048	7388862	2.8125	16	6.75	0.416666667
329784.0048	7388862	3.95	20	6.9	0.572463768
330284.0048	7388862	3.2	10	6.5	0.492307692
330784.0048	7388862	2.454545	11	7	0.350649286
331284.0048	7388862	4.111111	9	5.222222	0.787234055
331784.0048	7388862	2.214286	14	5.571429	0.397435918
332284.0048	7388862	3.157895	19	7.052632	0.447761205
332784.0048	7388862	3.083333	12	6.666667	0.462499927
333284.0048	7388862	5.888889	9	7.888889	0.746478877
333784.0048	7388862	2.928571	14	4.5	0.650793556
334284.0048	7388862	2.666667	9	5.222222	0.510638383
334784.0048	7388862	1.814815	27	6.592593	0.27528091
335284.0048	7388862	3.833333	6	5.5	0.696969636
335784.0048	7388862	3	10	7.4	0.405405405
336274.6202	7388871.715	2.214286	14	5.428571	0.407894822
336708.7559	7388947.11	3	4	6	0.5
322364.145	7389388.338	0.333333	6	6.666667	0.049999948
322784.0048	7389362	0.222222	9	6.111111	0.036363601
323284.0048	7389362	1.6	10	7.5	0.213333333
323784.0048	7389362	3	8	8.125	0.369230769
324284.0048	7389362	0	3	6	0
324784.0048	7389362	0.875	16	5.25	0.166666667
325284.0048	7389362	0	1	4	0
325784.0048	7389362	0	0	0	0
326284.0048	7389362	2	10	4.7	0.425531915
326784.0048	7389362	0.8	5	7.8	0.102564103
327284.0048	7389362	0	0	0	0
327784.0048	7389362	5	1	12	0.416666667
328284.0048	7389362	2.741935	31	5.354839	0.512048075
328784.0048	7389362	2.7	20	5.25	0.514285714
329284.0048	7389362	2.9	20	5.55	0.522522523
329784.0048	7389362	2.909091	11	6.181818	0.470588264
330284.0048	7389362	4.416667	12	7.166667	0.616279088
330784.0048	7389362	2.753425	73	5.383562	0.511450411
331284.0048	7389362	3.25	8	5.5	0.590909091
331784.0048	7389362	4	14	5.857143	0.682926813
332284.0048	7389362	4	33	7.727273	0.517647041
332784.0048	7389362	4.95	20	8.7	0.568965517
333284.0048	7389362	4.4	15	8	0.55
333784.0048	7389362	3.851852	27	6.925926	0.556149748
334284.0048	7389362	4	15	6.333333	0.631578981
334784.0048	7389362	1.785714	14	6.285714	0.284090877
335284.0048	7389362	1.789474	19	4.894737	0.365591451
335784.0048	7389362	3.571429	7	7.428571	0.480769316
336284.0048	7389362	3.172414	29	4.724138	0.671532881
336780.0882	7389364.939	3.454545	11	5.181818	0.666666602
337039.8474	7389403.957	0	0	0	0
322417.96	7389711.503	0	0	0	0
322807.1248	7389826.218	1.666667	3	5.666667	0.294117689
323284.0048	7389862	0.666667	6	6.333333	0.105263216
323784.0048	7389862	0	2	4	0
324284.0048	7389862	1.833333	18	6.555556	0.279660947
324784.0048	7389862	2.48	25	6.36	0.389937107
325284.0048	7389862	1.5	4	7	0.214285714
325784.0048	7389862	1.8	5	8.8	0.204545455
326284.0048	7389862	1.818182	11	4.636364	0.392156871
326784.0048	7389862	1.352941	17	6.294118	0.214953231
327284.0048	7389862	1.25	4	4.75	0.263157895
327784.0048	7389862	3	2	6	0.5
328284.0048	7389862	3.461538	26	5.230769	0.661764647
328784.0048	7389862	2.952381	21	4.666667	0.632653026
329284.0048	7389862	3.465753	73	5.410959	0.640506239
329784.0048	7389862	3.214286	28	5.607143	0.573248444
330284.0048	7389862	4	1	17	0.235294118
330784.0048	7389862	5.375	24	7.083333	0.758823565
331284.0048	7389862	3.933333	45	5.733333	0.686046493
331784.0048	7389862	3.5	8	7	0.5
332284.0048	7389862	3.45	20	5.5	0.627272727
332784.0048	7389862	2.230769	13	4.461538	0.5
333284.0048	7389862	3.478261	23	6.130435	0.567375888
333784.0048	7389862	3.62963	27	7.148148	0.507772083
334284.0048	7389862	3.066667	30	6.766667	0.453201997
334784.0048	7389862	4.5	6	5.666667	0.7941176
335284.0048	7389862	2.125	16	6.125	0.346938776
335784.0048	7389862	0.4	5	4.2	0.095238095
336284.0048	7389862	3.117647	17	7.058824	0.441666629
336766.4592	7389856.698	3.583333	12	6.25	0.57333328
320910.7158	7390520.75	0	0	0	0
321281.7324	7390540.569	0	0	0	0
321639.1781	7390561.399	0	0	0	0
322912.9895	7390403.47	5.25	4	9.5	0.552631579
323284.0048	7390362	0	3	5.333333	0
323784.0048	7390362	0.666667	3	5.333333	0.12500007
324284.0048	7390362	1.44	25	6.04	0.238410596
324784.0048	7390362	2.111111	36	6	0.351851833
325284.0048	7390362	2	2	4	0.5
325784.0048	7390362	2	5	4.2	0.476190476
326284.0048	7390362	0.6	5	6.2	0.096774194
326784.0048	7390362	1.108108	37	4.837838	0.229050249
327284.0048	7390362	0.666667	18	4.722222	0.141176548
327784.0048	7390362	3.333333	3	7.666667	0.434782546
328284.0048	7390362	9.5	2	12	0.791666667
328784.0048	7390362	2.5	10	5.6	0.446428571
329284.0048	7390362	4.363636	22	6.909091	0.631578886
329784.0048	7390362	1.347826	23	3.826087	0.352272701
330284.0048	7390362	1.714286	7	4.857143	0.352941225
330784.0048	7390362	0	0	0	0
331284.0048	7390362	0	0	0	0
331784.0048	7390362	3.333333	6	4.833333	0.689655151
332284.0048	7390362	4.625	40	7.025	0.658362989
332784.0048	7390362	3.3	20	6.45	0.511627907
333284.0048	7390362	2.673913	46	6.369565	0.419795229
333784.0048	7390362	2.954545	22	5.954545	0.496183168
334284.0048	7390362	2.466667	30	7.333333	0.336363697
334784.0048	7390362	1.75	4	7	0.25
335284.0048	7390362	2	12	5.666667	0.352941156
335784.0048	7390362	4.285714	7	9.857143	0.434782573
336284.0048	7390362	3.761905	21	7.333333	0.512987069
336739.2946	7390357.973	7.272727	11	9.545455	0.761904697
320984.5146	7390648.529	0	0	0	0
321379.3829	7390759.708	0.5	2	7.5	0.066666667
321780.2191	7390867.319	3.833333	6	8.166667	0.469387695
322285.038	7390876.217	8.75	4	11.25	0.777777778
322789.4043	7390869.301	2.8	10	5.8	0.482758621
323284.0048	7390862	0	0	0	0
323784.0048	7390862	6.333333	3	9.666667	0.655172357
324284.0048	7390862	7	1	10	0.7
324784.0048	7390862	3.785714	14	7.357143	0.514563058
325284.0048	7390862	1.384615	13	5.076923	0.272727201
325784.0048	7390862	1.444444	9	6.111111	0.236363568
326284.0048	7390862	2.36	25	6.32	0.373417722
326784.0048	7390862	0.8	5	2.4	0.333333333
327284.0048	7390862	1.4375	16	5.1875	0.277108434
327784.0048	7390862	2.205128	39	5.717949	0.385650169
328284.0048	7390862	7.625	8	8.5	0.897058824
328784.0048	7390862	2.652174	23	6.173913	0.429577482
329284.0048	7390862	2.75	20	5.9	0.466101695
329784.0048	7390862	2.8	5	4.6	0.608695652
330284.0048	7390862	2.5	4	4.5	0.555555556
330784.0048	7390862	0	0	0	0
331284.0048	7390862	0	3	4	0
331784.0048	7390862	4.2	15	5.466667	0.768292636
332284.0048	7390862	5	28	6.321429	0.790960398
332784.0048	7390862	5.818182	11	7.272727	0.800000055
333284.0048	7390862	3.8	20	6.65	0.571428571
333784.0048	7390862	3.84375	32	7.0625	0.544247788
334284.0048	7390862	3.666667	24	7.541667	0.486187868
334784.0048	7390862	4.454545	22	7.454545	0.597560951
335284.0048	7390862	2.615385	13	6.692308	0.390804637
335784.0048	7390862	0	1	2	0
336284.0048	7390862	4.074074	27	6.481481	0.628571464
336698.2269	7390830.688	4.777778	9	7.444444	0.641791113
321505.3192	7391229.727	0	0	0	0
321778.6108	7391246.346	5	2	5	1
322301.2903	7391345.677	4.5	8	7.75	0.580645161
322784.0048	7391362	5.75	8	8.125	0.707692308
323284.0048	7391362	1.833333	6	3.833333	0.478260824
323784.0048	7391362	3.473684	19	8.052632	0.4313725
324284.0048	7391362	2.642857	14	6.142857	0.430232545
324784.0048	7391362	1.846154	13	5.461538	0.338028226
325284.0048	7391362	3.153846	13	5.153846	0.611940287
325784.0048	7391362	1.818182	11	7.636364	0.238095251
326284.0048	7391362	0.904762	21	6	0.150793667
326784.0048	7391362	0	0	0	0
327284.0048	7391362	2.111111	18	6.166667	0.342342306
327784.0048	7391362	3.2	15	7.866667	0.406779644
328284.0048	7391362	2	13	5.692308	0.351351332
328784.0048	7391362	4.352941	17	7.058824	0.616666601
329284.0048	7391362	2.585366	41	6.780488	0.381294975
329784.0048	7391362	3.44	25	6.44	0.534161491
330284.0048	7391362	3.166667	6	6.833333	0.463414706
330784.0048	7391362	2	2	6.5	0.307692308
331284.0048	7391362	2.681818	22	6.272727	0.427536221
331784.0048	7391362	6.6	20	8.05	0.819875776
332284.0048	7391362	4.88	25	7.84	0.62244898
332784.0048	7391362	5.16	25	8.32	0.620192308
333284.0048	7391362	3.2	30	7.333333	0.436363656
333784.0048	7391362	1.230769	13	5.923077	0.207792166
334284.0048	7391362	2.263158	19	8.684211	0.260606059
334784.0048	7391362	2.52381	21	5.333333	0.473214405
335284.0048	7391362	1.294118	17	6.235294	0.20754723
335774.1895	7391344.779	2.2	5	7	0.314285714
336281.1524	7391359.528	2.375	16	6.5625	0.361904762
336572.3528	7391232.524	0	1	4	0
322441.5077	7391675.171	3	2	8.5	0.352941176
322819.9438	7391801.938	3.666667	6	6.833333	0.536585441
323284.0048	7391862	5.555556	9	9.444444	0.588235369
323766.3901	7391842.552	1.5	10	4.9	0.306122449
324295.2657	7391847.583	2.357143	14	5.642857	0.417721555
324784.0048	7391862	2.827586	29	7.551724	0.374429203
325284.0048	7391862	3.333333	6	7.166667	0.465116211
325784.0048	7391862	1.888889	9	9.222222	0.204819294
326284.0048	7391862	1.307692	13	3.846154	0.339999906
326784.0048	7391862	3	2	5.5	0.545454545
327284.0048	7391862	4.166667	24	6.958333	0.598802472
327784.0048	7391862	4.642857	14	9	0.515873
328284.0048	7391862	3.142857	7	6.714286	0.468085065
328784.0048	7391862	1.166667	6	5.5	0.212121273
329284.0048	7391862	3.2	10	8.6	0.372093023
329784.0048	7391862	3.5	14	8.642857	0.404958684
330284.0048	7391862	5.3	20	8.5	0.623529412
330784.0048	7391862	3.725806	62	6.354839	0.586294318
331284.0048	7391862	4.71875	32	6.9375	0.68018018
331784.0048	7391862	4.216216	37	5.837838	0.722222165
332284.0048	7391862	4.380952	21	5.285714	0.828828802
332784.0048	7391862	2.157895	19	5.684211	0.379629644
333284.0048	7391862	1.269231	26	5.423077	0.234042592
333784.0048	7391862	2	4	4.75	0.421052632
334284.0048	7391862	2.176471	17	4.588235	0.474359095
334784.0048	7391862	3.827586	29	7.241379	0.528571423
335284.0048	7391862	1.428571	21	6.857143	0.208333266
335711.6659	7391881.133	3.5	10	8.4	0.416666667
336268.9527	7391660.28	2.75	4	3.75	0.733333333
323013.1307	7392141.148	0	0	0	0
323351.4282	7392235.825	3.5	4	8.75	0.4
323716.2014	7392268.16	6	2	11.5	0.52173913
324453.3125	7392151.299	0	0	0	0
324823.43	7392234.977	3	11	6.363636	0.471428598
325321.2492	7392309.509	3	16	9.1875	0.326530612
325784.0048	7392362	2.545455	11	6.818182	0.37333339
326284.0048	7392362	3	4	13.25	0.226415094
326784.0048	7392362	1.666667	6	6.5	0.256410308
327284.0048	7392362	3	6	5.833333	0.514285744
327784.0048	7392362	2.526316	19	5.315789	0.475247607
328284.0048	7392362	3.703704	27	7.777778	0.476190501
328784.0048	7392362	2.75	4	7.75	0.35483871
329284.0048	7392362	5	3	6.333333	0.789473726
329784.0048	7392362	3	5	4.2	0.714285714
330284.0048	7392362	5.361111	36	8.805556	0.608832764
330784.0048	7392362	3.571429	63	6.873016	0.519630538
331284.0048	7392362	4.371429	70	6.428571	0.680000112
331784.0048	7392362	4.458333	24	5.875	0.758865191
332284.0048	7392362	1.933333	15	6.133333	0.315217354
332784.0048	7392362	1.842105	38	5.842105	0.315315284
333284.0048	7392362	1.757576	33	7.939394	0.221374075
333784.0048	7392362	1.193548	31	6.580645	0.181372495
334284.0048	7392362	1.5625	16	4.75	0.328947368
334784.0048	7392362	1.7	10	4.8	0.354166667
335284.0048	7392362	3.285714	7	6.142857	0.534883687
335730.0591	7392358.1	0.2	5	3.2	0.0625
325425.6727	7392866.867	1.285714	7	8.142857	0.157894705
325784.0048	7392862	1.666667	6	10.666667	0.156250026
326284.0048	7392862	2.5	2	12	0.208333333
326784.0048	7392862	3.566667	30	6.766667	0.527093619
327284.0048	7392862	3.764706	17	6	0.627451
327784.0048	7392862	1.75	24	6.125	0.285714286
328284.0048	7392862	2.368421	19	5.263158	0.449999981
328784.0048	7392862	4.769231	13	7.923077	0.601941771
329284.0048	7392862	3.25	8	6.875	0.472727273
329784.0048	7392862	5.142857	21	7	0.734693857
330284.0048	7392862	4.064516	31	6.322581	0.642857086
330784.0048	7392862	2.603774	53	4.207547	0.618834204
331284.0048	7392862	3.655172	29	6.517241	0.56084653
331784.0048	7392862	1.628571	35	6.257143	0.260273898
332284.0048	7392862	1.906977	43	5.813953	0.328000072
332784.0048	7392862	2.04	25	6.96	0.293103448
333284.0048	7392862	1.944444	36	6.361111	0.305676791
333784.0048	7392862	1	20	5.1	0.196078431
334284.0048	7392862	1.153846	13	3.923077	0.294117602
334784.0048	7392862	1.5	12	5.916667	0.253521112
335284.0048	7392862	10	3	11.333333	0.882352967
335778.0481	7392868.829	3	2	6.5	0.461538462
336145.7752	7392912.059	10	1	13	0.769230769
325420.6708	7393354.723	0	2	8	0
325784.0048	7393362	2.666667	9	5.111111	0.521739207
326284.0048	7393362	2.227273	22	7.454545	0.298780543
326784.0048	7393362	1.666667	12	6.916667	0.240963892
327284.0048	7393362	2.5	4	4.25	0.588235294
327784.0048	7393362	2.529412	17	7.705882	0.32824432
328284.0048	7393362	5	21	7.52381	0.66455692
328784.0048	7393362	5.111111	27	8.592593	0.594827545
329284.0048	7393362	6.307692	39	8.564103	0.736526873
329784.0048	7393362	3.945455	55	7.072727	0.557840703
330284.0048	7393362	5.1	50	7.76	0.657216495
330784.0048	7393362	3.851852	27	6.37037	0.604651221
331284.0048	7393362	1.038462	26	4.923077	0.21093759
331784.0048	7393362	1.278689	61	5.540984	0.2307693
332284.0048	7393362	1	20	4.85	0.206185567
332784.0048	7393362	0.64	25	4.2	0.152380952
333284.0048	7393362	0.703704	27	5.111111	0.13768122
333784.0048	7393362	1.3125	16	6	0.21875
334284.0048	7393362	2.583333	12	7.916667	0.326315734
334784.0048	7393362	4.444444	9	6.666667	0.666666567
335284.0048	7393362	7	6	9.666667	0.724137906
335778.1618	7393356.922	0	0	0	0
336084.1514	7393222.392	0	0	0	0
324483.2803	7394087.011	0	0	0	0
324837.8565	7393996.22	4	3	6	0.666666667
325300.4911	7393884.064	1.5	4	10.5	0.142857143
325784.0048	7393862	2.277778	18	5.666667	0.4019608
326284.0048	7393862	3	26	5.846154	0.513157881
326784.0048	7393862	2.727273	11	5.272727	0.517241458
327284.0048	7393862	5.1	20	6.75	0.755555556
327784.0048	7393862	2	9	5.333333	0.375000023
328284.0048	7393862	4.307692	13	6.307692	0.682926814
328784.0048	7393862	4.444444	27	7.148148	0.621761609
329284.0048	7393862	4.631579	19	6.578947	0.704000047
329784.0048	7393862	2.848485	33	5.575758	0.510869554
330284.0048	7393862	3.704918	61	5.606557	0.660818752
330784.0048	7393862	1.277778	18	4.666667	0.273809552
331284.0048	7393862	1.576923	78	5.179487	0.304455441
331784.0048	7393862	2.066667	75	6.04	0.342163411
332284.0048	7393862	1.214286	28	5.642857	0.215189929
332784.0048	7393862	1.631579	19	6.368421	0.256198357
333284.0048	7393862	0.352941	17	3.705882	0.095238057
333784.0048	7393862	0.722222	18	5.166667	0.139784894
334284.0048	7393862	3.571429	7	6.857143	0.520833385
334784.0048	7393862	1.444444	9	4.888889	0.295454448
335284.0048	7393862	2.538462	13	7.230769	0.351063905
335694.4602	7393827.571	0	0	0	0
323496.9873	7394591.904	0	0	0	0
323841.3293	7394500.418	0	0	0	0
324303.3455	7394389.559	0	2	3	0
324784.0048	7394362	0.9	10	5.9	0.152542373
325284.0048	7394362	0	8	7	0
325784.0048	7394362	1.625	16	5.875	0.276595745
326284.0048	7394362	0.666667	6	7	0.095238143
326784.0048	7394362	1.526316	19	7.052632	0.216417927
327284.0048	7394362	3.928571	14	6.571429	0.597825983
327784.0048	7394362	2.428571	7	7.714286	0.314814748
328284.0048	7394362	1.9	10	3.7	0.513513514
328784.0048	7394362	6	5	9.2	0.652173913
329284.0048	7394362	1.764706	17	5.588235	0.315789511
329784.0048	7394362	2.5	48	6.604167	0.378548877
330284.0048	7394362	2.361111	36	5.472222	0.431472078
330784.0048	7394362	2.137931	29	6.068966	0.352272694
331284.0048	7394362	3.942857	35	6.085714	0.647887331
331784.0048	7394362	2.076923	26	5.384615	0.385714299
332284.0048	7394362	0.764706	51	5.901961	0.129568122
332784.0048	7394362	0.392857	28	5.571429	0.070512789
333284.0048	7394362	0	1	4	0
333784.0048	7394362	0.444444	81	5.925926	0.074999924
334284.0048	7394362	1.391304	23	6.043478	0.23021578
334784.0048	7394362	1.2	10	4.7	0.255319149
335268.1495	7394348.4	1.5	4	6	0.25
335589.4419	7394198.96	0	0	0	0
322971.4305	7395052.497	0	0	0	0
323321.8768	7394904.642	0	0	0	0
323784.0048	7394862	0	0	0	0
324284.0048	7394862	0	0	0	0
324784.0048	7394862	3.222222	9	6.222222	0.517857126
325284.0048	7394862	2.263158	19	6.105263	0.370689682
325784.0048	7394862	2.583333	12	6.916667	0.37349391
326284.0048	7394862	0.833333	6	5.833333	0.142857094
326784.0048	7394862	0.7	20	5.55	0.126126126
327284.0048	7394862	4.107143	28	9.107143	0.450980401
327784.0048	7394862	3.428571	21	8.095238	0.423529364
328284.0048	7394862	5.166667	6	7.833333	0.659574539
328784.0048	7394862	3.846154	13	6.076923	0.632911426
329284.0048	7394862	3.272727	44	6.204545	0.527472522
329784.0048	7394862	2.677419	31	6	0.4462365
330284.0048	7394862	2.375	72	6.180556	0.384269635
330784.0048	7394862	4.647059	34	6.147059	0.755980868
331284.0048	7394862	6.0625	48	9.020833	0.672055452
331784.0048	7394862	3.126984	63	5.746032	0.544198849
332284.0048	7394862	0.632353	68	4.352941	0.14527029
332784.0048	7394862	0.125	8	3.5	0.035714286
333284.0048	7394862	0	0	0	0
333784.0048	7394862	0.4	5	4.8	0.083333333
334284.0048	7394862	2.904762	21	7.190476	0.403973534
334784.0048	7394862	1.666667	18	6	0.277777833
335151.6663	7394781.106	0	0	0	0
322459.2133	7395541.41	0	0	0	0
322816.0775	7395395.882	0	1	8	0
323284.0048	7395362	0.782609	23	6.782609	0.115384655
323784.0048	7395362	3	1	5	0.6
324284.0048	7395362	0	1	6	0
324784.0048	7395362	2.65625	32	6.59375	0.402843602
325284.0048	7395362	2.818182	22	6.5	0.433566462
325784.0048	7395362	3.890909	55	7.527273	0.516908182
326284.0048	7395362	0.52	25	7.36	0.070652174
326784.0048	7395362	2.052632	19	6.368421	0.322314118
327284.0048	7395362	3.148148	27	7.333333	0.429292929
327784.0048	7395362	2.060606	33	6.181818	0.333333333
328284.0048	7395362	2.470588	17	5.705882	0.432989676
328784.0048	7395362	3.4	25	5.76	0.590277778
329284.0048	7395362	3.505495	91	6.406593	0.547169923
329784.0048	7395362	5.8	10	6.4	0.90625
330284.0048	7395362	1.6	65	5.553846	0.288088651
330784.0048	7395362	2.122449	49	6.693878	0.317073153
331284.0048	7395362	4.787234	47	7.531915	0.635593206
331784.0048	7395362	2.188679	53	5.698113	0.384105931
332284.0048	7395362	1.037037	27	5.37037	0.193103455
332784.0048	7395362	0.882353	17	5.823529	0.151515172
333284.0048	7395362	0	5	6.8	0
333784.0048	7395362	0.571429	21	5.333333	0.107142944
334284.0048	7395362	2.423077	26	5.038462	0.480916002
334720.8445	7395326.273	3.454545	11	7.090909	0.487179429
335036.1787	7395115.348	0	0	0	0
321950.6208	7396031.77	0	0	0	0
322310.2695	7395889.245	0	0	0	0
322784.0048	7395862	0	0	0	0
323284.0048	7395862	1.804598	87	7.321839	0.246467861
323784.0048	7395862	2.047619	21	5.571429	0.367521331
324284.0048	7395862	3.4	5	5.6	0.607142857
324784.0048	7395862	3.285714	28	7.928571	0.414414401
325284.0048	7395862	3.928571	14	8.142857	0.482456096
325784.0048	7395862	2	29	6.655172	0.300518153
326284.0048	7395862	0.888889	9	5.111111	0.173913069
326784.0048	7395862	2.823529	17	7.352941	0.383999953
327284.0048	7395862	6.571429	14	11.428571	0.575000059
327784.0048	7395862	2.238095	21	7.428571	0.301282037
328284.0048	7395862	3.631579	19	5.736842	0.633027544
328784.0048	7395862	2.4	20	5.9	0.406779661
329284.0048	7395862	4.230769	26	5.692308	0.743243163
329784.0048	7395862	5.423913	92	7.228261	0.75037592
330284.0048	7395862	1.578947	38	5.421053	0.291262048
330784.0048	7395862	2.8125	32	6.8125	0.412844037
331284.0048	7395862	3	2	3	1
331784.0048	7395862	2	9	5.555556	0.359999971
332284.0048	7395862	0.787234	47	5.340426	0.147410338
332784.0048	7395862	0.354839	31	5.645161	0.062857198
333284.0048	7395862	0.5	8	4	0.125
333784.0048	7395862	0.347826	23	5.173913	0.067226875
334284.0048	7395862	1.777778	9	4.111111	0.432432498
334703.9232	7395869.555	2.068966	29	6.103448	0.338983145
321513.7433	7396525.074	0	0	0	0
321807.2521	7396384.908	0	0	0	0
322284.0048	7396362	0.5	2	3	0.166666667
322784.0048	7396362	0	0	0	0
323284.0048	7396362	2	11	4.909091	0.4074074
323784.0048	7396362	1	42	5.071429	0.197183082
324284.0048	7396362	1.791667	24	5.208333	0.344000086
324784.0048	7396362	1.621622	37	6.702703	0.24193553
325284.0048	7396362	0.571429	7	7.285714	0.078431434
325784.0048	7396362	0.954545	22	7.272727	0.131249942
326284.0048	7396362	0.722222	18	6.111111	0.118181784
326784.0048	7396362	2.875	16	7.8125	0.368
327284.0048	7396362	4.758621	29	7.034483	0.676470609
327784.0048	7396362	3.869565	23	6.608696	0.585526252
328284.0048	7396362	4.0625	16	5.6875	0.714285714
328784.0048	7396362	4.666667	15	8.133333	0.573770556
329284.0048	7396362	7.444444	18	8.666667	0.858974275
329784.0048	7396362	5.903226	62	7.564516	0.780383834
330284.0048	7396362	4.525	40	6.45	0.701550388
330784.0048	7396362	3.529412	17	6.705882	0.526315852
331284.0048	7396362	1.307692	13	7.076923	0.184782567
331784.0048	7396362	1.967742	31	6.290323	0.312820502
332284.0048	7396362	0	7	6.428571	0
332784.0048	7396362	2.333333	6	8.5	0.274509765
333284.0048	7396362	0.866667	15	4.666667	0.185714344
333784.0048	7396362	1.125	16	8.125	0.138461538
334242.8459	7396266.741	0.615385	13	3.923077	0.15686284
334641.9364	7396205.745	0.666667	3	2	0.3333335
321508.6487	7396627.53	0	0	0	0
321873.9563	7396703.427	0	0	0	0
322301.072	7396843.894	0	0	0	0
322784.0048	7396862	3.5	4	8	0.4375
323284.0048	7396862	1.785714	28	5.142857	0.347222176
323784.0048	7396862	2.032258	62	5.5	0.369501455
324284.0048	7396862	0.875	8	5.375	0.162790698
324784.0048	7396862	1.8	10	4.7	0.382978723
325284.0048	7396862	3.5	4	6	0.583333333
325784.0048	7396862	1.466667	30	6.466667	0.226804164
326284.0048	7396862	1.230769	13	7.307692	0.168421028
326784.0048	7396862	1.4	10	10.7	0.130841121
327284.0048	7396862	1.555556	18	5.777778	0.269230836
327784.0048	7396862	3.69697	33	6.848485	0.539823041
328284.0048	7396862	4.666667	12	6.916667	0.674698811
328784.0048	7396862	3.547619	42	6.690476	0.530249118
329284.0048	7396862	4.086957	23	6.913043	0.591195079
329784.0048	7396862	1.111111	9	4.222222	0.263157882
330284.0048	7396862	5.478261	23	8.086957	0.677419331
330784.0048	7396862	2.6	20	5.3	0.490566038
331284.0048	7396862	2.666667	24	5.75	0.463768174
331771.9046	7396837.41	1.333333	12	7.166667	0.186046456
332285.5738	7396860.348	0	3	6	0
332784.0048	7396862	1.222222	27	5.888889	0.207547128
333269.9778	7396835.706	1.96	25	6.04	0.324503311
333741.2213	7396757.084	0.666667	12	6.666667	0.100000045
334047.4877	7396633.014	0	0	0	0
322443.2717	7397190.104	0	0	0	0
322815.0604	7397322.956	2.928571	14	6.785714	0.431578902
323284.0048	7397362	1.925926	27	4.925926	0.390977453
323784.0048	7397362	2.73913	23	5.869565	0.46666661
324284.0048	7397362	2.956522	23	7	0.422360286
324784.0048	7397362	0.911765	34	6.264706	0.14553995
325284.0048	7397362	1.217391	23	6.26087	0.194444382
325784.0048	7397362	1.692308	13	6.923077	0.244444486
326284.0048	7397362	0.666667	9	5.888889	0.113207602
326784.0048	7397362	2.714286	7	6.857143	0.395833367
327284.0048	7397362	1	10	8.2	0.12195122
327784.0048	7397362	2.888889	9	9.555556	0.302325579
328273.2257	7397348.669	3.4	5	5.4	0.62962963
328772.4271	7397269.343	0	0	0	0
329277.5322	7397242.841	0	0	0	0
329776.9261	7397222.901	0	0	0	0
330280.5414	7397207.402	4.7	10	7.8	0.602564103
330788.9666	7397358.152	4	5	9.6	0.416666667
331283.55	7397361.557	2.526316	19	6.947368	0.363636416
331617.7851	7397265.641	0	3	3.333333	0
332396.6452	7397187.442	0.8	5	8	0.1
332767.077	7397264.141	2.7	10	10.7	0.252336449
333061.0704	7397121.043	0	0	0	0
322985.109	7397647.68	6	2	10	0.6
323317.1448	7397720.952	1.47619	21	4.761905	0.309999885
323811.8068	7397777.114	1.166667	18	3.833333	0.30434794
324284.5231	7397861.854	1.8	15	7.6	0.236842105
324784.0048	7397862	0.621622	37	7.189189	0.08646622
325284.0048	7397862	2.714286	7	6.714286	0.404255344
325784.0048	7397862	0	6	3	0
326267.0796	7397832.029	2.285714	7	5.571429	0.410256327
326747.9245	7397731.691	1.666667	3	5.666667	0.294117689
327284.0729	7397685.242	0	0	0	0
327776.7299	7397683.779	0	0	0	0
328121.6186	7397651.734	0	0	0	0
330875.4546	7397796.725	2.909091	11	8.090909	0.359550577
331213.0677	7397828.489	2.428571	21	6.428571	0.377777736
323920.625	7398344.766	0	0	0	0
324284.0048	7398362	1.535714	28	5.571429	0.275640953
324784.0048	7398362	2.8	20	6.75	0.414814815
325261.6647	7398337.586	0	0	0	0
325712.0031	7398212.652	0	0	0	0
326076.9927	7398114.83	0	0	0	0
331017.4464	7398121.673	0	0	0	0
331122.9237	7398140.541	0	0	0	0
324027.2112	7398617.352	0	0	0	0
324357.2878	7398815.737	1.25	8	6.125	0.204081633
324783.5028	7398861.523	0	1	6	0
325109.0935	7398748.68	0	0	0	0
324496.925	7399129.493	0	0	0	0
324769.7992	7399146.066	0	0	0	0
